New York City,New York
Los Angeles,California
San Francisco,California
Denver,Colorado
Philadelphia,Pennsylvania
District of Columbia,District of Columbia
Dallas,Texas
San Diego,California
Cook,Illinois
Suffolk,Massachusetts
King,Washington
Maricopa,Arizona
Bexar,Texas
Salt Lake,Utah
Santa Clara,California
Shelby,Tennessee
Davidson,Tennessee
Wayne,Michigan
Mecklenburg,North Carolina
Harris,Texas
Marion,Indiana